0.97903473 6.89791050
0.96688149 7.55303680
0.85681183 7.32321570
0.41846709 6.72656940
0.70438257 7.42043560
0.85114891 7.18602620
0.76367192 6.67723220
0.47939162 7.35907910
0.91760684 6.39835690
1.89344300 7.07566790
1.13768190 7.59285360
0.70938180 6.55385450
0.87237557 6.73823860
1.26879200 6.59996020
1.17184180 7.08950590
1.28625000 6.43205550
1.69048630 6.97017530
0.57739984 6.50003780
1.04858640 7.00144420
0.80360814 6.99530930
6.86830430 5.12312420
6.72868000 5.05678900
6.72712800 4.45572930
6.76626800 5.19906630
6.00998660 5.33523790
6.80094530 5.00276680
6.54001870 5.65408750
7.04902630 4.56109550
7.07835370 5.63661720
7.21710810 5.03871890
7.01106640 4.51757650
6.81425470 4.97236150
6.96269920 4.74627960
6.76057500 5.05123870
7.24878370 5.52890030
7.50064420 4.92115850
6.67127580 4.10787430
6.95668240 5.22885240
6.77352050 4.84503660
6.90085490 5.10380560
